306245324492513446
2306969184602426432
9820098991910821920
4612829648093577216
9153571824107520
5497692356708
841823289480
360710191311888896
175926293824832
149533615522568
1161942052762559488
658661341242327040
85713537313539105
52496042048
585468020411860993
1130370969113088
20406944670155296
70369291665704
2314854607186102536
72066407587647496
1297182944976781651
6953575588678351888
612771046063866128
617565582197785088
13846599908146184449
20341101436929
4504992069197842
1126999454941312
4612813017917227008
297273380002898466
562952105116162
1157530658659123881
9016012562239488
579347116355420194
293446461998760017
9277574146711158800
9223724499722142784
9693745382400
289426939276460068
2305950778549993480
36877895008935942
144715542901588096
4503603193055361
9223372314022908417
9224779961829818448
140808397267209
2386908077434601476
595067873546799233
2305843696679125257
9570151356735496
9127068672
292773713890284032
585468364416098304
7065022645759377409
4657004060984084480
9223389630131863616
2260639931204864
2305843009796440960
9259471211208114689
6442584064
2815883655252992
2382967155584992156
1152922679297810624
578800548481012738
